Statistical Analysis Results
===========================

1. ANOVA Test for Program Categories
F-statistic: 10.3677
p-value: 0.0000
Conclusion: Significant differences exist between categories

2. Tukey's HSD Test for Program Comparisons
Multiple Comparison of Means - Tukey HSD, FWER=0.05 
====================================================
group1 group2 meandiff p-adj   lower   upper  reject
----------------------------------------------------
     0      1   0.3436 0.0171  0.0267  0.6606   True
     0      2   0.0928    1.0 -0.2241  0.4098  False
     0      3   0.1902 0.8698 -0.1268  0.5071  False
     0      4   0.4001 0.0012  0.0831   0.717   True
     0      5   -0.137 0.9965  -0.454  0.1799  False
     0      6  -0.0583    1.0 -0.3752  0.2587  False
     0      7    0.461    0.0   0.144  0.7779   True
     0      8  -0.2876 0.1379 -0.6045  0.0294  False
     0      9  -0.3248 0.0369 -0.6418 -0.0079   True
     0     10   0.3007 0.0897 -0.0163  0.6176  False
     0     11  -0.2129  0.707 -0.5298  0.1041  False
     0     12  -0.0305    1.0 -0.3474  0.2865  False
     0     13   0.2238 0.6102 -0.0931  0.5408  False
     0     14   0.0899    1.0  -0.227  0.4069  False
     0     15  -0.2765 0.1922 -0.5935  0.0404  False
     0     16   0.2231 0.6173 -0.0939    0.54  False
     0     17  -0.0611    1.0 -0.3781  0.2558  False
     0     18  -0.3275 0.0332 -0.6444 -0.0106   True
     0     19   0.3338 0.0258  0.0169  0.6507   True
     0     20   0.4699    0.0   0.153  0.7869   True
     0     21   0.1055 0.9999 -0.2114  0.4225  False
     0     22  -0.1173 0.9996 -0.4343  0.1996  False
     1      2  -0.2508 0.3701 -0.5677  0.0661  False
     1      3  -0.1535 0.9852 -0.4704  0.1635  False
     1      4   0.0565    1.0 -0.2605  0.3734  False
     1      5  -0.4807    0.0 -0.7976 -0.1637   True
     1      6  -0.4019 0.0011 -0.7188 -0.0849   True
     1      7   0.1174 0.9996 -0.1996  0.4343  False
     1      8  -0.6312    0.0 -0.9481 -0.3143   True
     1      9  -0.6685    0.0 -0.9854 -0.3515   True
     1     10  -0.0429    1.0 -0.3599   0.274  False
     1     11  -0.5565    0.0 -0.8734 -0.2395   True
     1     12  -0.3741 0.0043  -0.691 -0.0571   True
     1     13  -0.1198 0.9995 -0.4367  0.1972  False
     1     14  -0.2537 0.3468 -0.5706  0.0633  False
     1     15  -0.6201    0.0 -0.9371 -0.3032   True
     1     16  -0.1206 0.9995 -0.4375  0.1964  False
     1     17  -0.4047 0.0009 -0.7217 -0.0878   True
     1     18  -0.6711    0.0 -0.9881 -0.3542   True
     1     19  -0.0098    1.0 -0.3268  0.3071  False
     1     20   0.1263 0.9989 -0.1906  0.4432  False
     1     21  -0.2381   0.48  -0.555  0.0788  False
     1     22   -0.461    0.0 -0.7779  -0.144   True
     2      3   0.0973    1.0 -0.2196  0.4143  False
     2      4   0.3073 0.0713 -0.0097  0.6242  False
     2      5  -0.2299 0.5551 -0.5468  0.0871  False
     2      6  -0.1511 0.9878  -0.468  0.1659  False
     2      7   0.3682 0.0057  0.0512  0.6851   True
     2      8  -0.3804 0.0032 -0.6973 -0.0635   True
     2      9  -0.4177 0.0005 -0.7346 -0.1007   True
     2     10   0.2079 0.7481 -0.1091  0.5248  False
     2     11  -0.3057 0.0754 -0.6226  0.0113  False
     2     12  -0.1233 0.9992 -0.4402  0.1937  False
     2     13    0.131 0.9981 -0.1859   0.448  False
     2     14  -0.0029    1.0 -0.3198  0.3141  False
     2     15  -0.3693 0.0054 -0.6863 -0.0524   True
     2     16   0.1302 0.9983 -0.1867  0.4472  False
     2     17  -0.1539 0.9846 -0.4709   0.163  False
     2     18  -0.4203 0.0004 -0.7373 -0.1034   True
     2     19    0.241 0.4543  -0.076  0.5579  False
     2     20   0.3771 0.0037  0.0602   0.694   True
     2     21   0.0127    1.0 -0.3042  0.3296  False
     2     22  -0.2102 0.7295 -0.5271  0.1068  False
     3      4   0.2099 0.7315  -0.107  0.5269  False
     3      5  -0.3272 0.0336 -0.6442 -0.0103   True
     3      6  -0.2484 0.3899 -0.5654  0.0685  False
     3      7   0.2708 0.2254 -0.0461  0.5878  False
     3      8  -0.4777    0.0 -0.7947 -0.1608   True
     3      9   -0.515    0.0 -0.8319  -0.198   True
     3     10   0.1105 0.9999 -0.2064  0.4275  False
     3     11   -0.403  0.001   -0.72 -0.0861   True
     3     12  -0.2206 0.6391 -0.5376  0.0963  False
     3     13   0.0337    1.0 -0.2833  0.3506  False
     3     14  -0.1002    1.0 -0.4172  0.2167  False
     3     15  -0.4667    0.0 -0.7836 -0.1497   True
     3     16   0.0329    1.0  -0.284  0.3498  False
     3     17  -0.2513 0.3661 -0.5682  0.0657  False
     3     18  -0.5177    0.0 -0.8346 -0.2007   True
     3     19   0.1436 0.9935 -0.1733  0.4606  False
     3     20   0.2798 0.1749 -0.0372  0.5967  False
     3     21  -0.0846    1.0 -0.4016  0.2323  False
     3     22  -0.3075 0.0707 -0.6244  0.0094  False
     4      5  -0.5371    0.0 -0.8541 -0.2202   True
     4      6  -0.4583    0.0 -0.7753 -0.1414   True
     4      7   0.0609    1.0  -0.256  0.3779  False
     4      8  -0.6877    0.0 -1.0046 -0.3707   True
     4      9  -0.7249    0.0 -1.0419  -0.408   True
     4     10  -0.0994    1.0 -0.4163  0.2176  False
     4     11  -0.6129    0.0 -0.9299  -0.296   True
     4     12  -0.4305 0.0002 -0.7475 -0.1136   True
     4     13  -0.1762  0.934 -0.4932  0.1407  False
     4     14  -0.3101 0.0643 -0.6271  0.0068  False
     4     15  -0.6766    0.0 -0.9935 -0.3596   True
     4     16   -0.177 0.9311  -0.494  0.1399  False
     4     17  -0.4612    0.0 -0.7782 -0.1443   True
     4     18  -0.7276    0.0 -1.0445 -0.4106   True
     4     19  -0.0663    1.0 -0.3832  0.2507  False
     4     20   0.0698    1.0 -0.2471  0.3868  False
     4     21  -0.2946 0.1102 -0.6115  0.0224  False
     4     22  -0.5174    0.0 -0.8344 -0.2005   True
     5      6   0.0788    1.0 -0.2382  0.3957  False
     5      7    0.598    0.0  0.2811   0.915   True
     5      8  -0.1505 0.9883 -0.4675  0.1664  False
     5      9  -0.1878 0.8827 -0.5047  0.1292  False
     5     10   0.4377 0.0001  0.1208  0.7547   True
     5     11  -0.0758    1.0 -0.3928  0.2411  False
     5     12   0.1066 0.9999 -0.2104  0.4235  False
     5     13   0.3609  0.008  0.0439  0.6778   True
     5     14    0.227 0.5815   -0.09  0.5439  False
     5     15  -0.1395 0.9956 -0.4564  0.1775  False
     5     16   0.3601 0.0082  0.0432  0.6771   True
     5     17   0.0759    1.0  -0.241  0.3929  False
     5     18  -0.1905 0.8681 -0.5074  0.1265  False
     5     19   0.4708    0.0  0.1539  0.7878   True
     5     20    0.607    0.0    0.29  0.9239   True
     5     21   0.2426 0.4403 -0.0744  0.5595  False
     5     22   0.0197    1.0 -0.2972  0.3367  False
     6      7   0.5192    0.0  0.2023  0.8362   True
     6      8  -0.2293   0.56 -0.5463  0.0876  False
     6      9  -0.2666 0.2525 -0.5835  0.0504  False
     6     10   0.3589 0.0087   0.042  0.6759   True
     6     11  -0.1546 0.9838 -0.4716  0.1623  False
     6     12   0.0278    1.0 -0.2892  0.3447  False
     6     13   0.2821 0.1632 -0.0349   0.599  False
     6     14   0.1482 0.9904 -0.1688  0.4651  False
     6     15  -0.2183 0.6603 -0.5352  0.0987  False
     6     16   0.2813  0.167 -0.0356  0.5983  False
     6     17  -0.0029    1.0 -0.3198  0.3141  False
     6     18  -0.2692 0.2352 -0.5862  0.0477  False
     6     19   0.3921 0.0018  0.0751   0.709   True
     6     20   0.5282    0.0  0.2112  0.8451   True
     6     21   0.1638 0.9689 -0.1532  0.4807  False
     6     22  -0.0591    1.0  -0.376  0.2579  False
     7      8  -0.7486    0.0 -1.0655 -0.4316   True
     7      9  -0.7858    0.0 -1.1028 -0.4689   True
     7     10  -0.1603 0.9755 -0.4772  0.1566  False
     7     11  -0.6738    0.0 -0.9908 -0.3569   True
     7     12  -0.4915    0.0 -0.8084 -0.1745   True
     7     13  -0.2371 0.4887 -0.5541  0.0798  False
     7     14  -0.3711  0.005  -0.688 -0.0541   True
     7     15  -0.7375    0.0 -1.0544 -0.4206   True
     7     16  -0.2379 0.4816 -0.5549   0.079  False
     7     17  -0.5221    0.0 -0.8391 -0.2052   True
     7     18  -0.7885    0.0 -1.1054 -0.4715   True
     7     19  -0.1272 0.9988 -0.4441  0.1898  False
     7     20   0.0089    1.0  -0.308  0.3259  False
     7     21  -0.3555 0.0102 -0.6724 -0.0385   True
     7     22  -0.5783    0.0 -0.8953 -0.2614   True
     8      9  -0.0373    1.0 -0.3542  0.2797  False
     8     10   0.5883    0.0  0.2713  0.9052   True
     8     11   0.0747    1.0 -0.2422  0.3917  False
     8     12   0.2571 0.3201 -0.0598  0.5741  False
     8     13   0.5114    0.0  0.1945  0.8284   True
     8     14   0.3775 0.0036  0.0606  0.6945   True
     8     15   0.0111    1.0 -0.3059   0.328  False
     8     16   0.5106    0.0  0.1937  0.8276   True
     8     17   0.2265 0.5864 -0.0905  0.5434  False
     8     18  -0.0399    1.0 -0.3569   0.277  False
     8     19   0.6214    0.0  0.3044  0.9383   True
     8     20   0.7575    0.0  0.4406  1.0744   True
     8     21   0.3931 0.0017  0.0762    0.71   True
     8     22   0.1702 0.9532 -0.1467  0.4872  False
     9     10   0.6255    0.0  0.3086  0.9425   True
     9     11    0.112 0.9998  -0.205  0.4289  False
     9     12   0.2944 0.1109 -0.0226  0.6113  False
     9     13   0.5487    0.0  0.2317  0.8656   True
     9     14   0.4148 0.0005  0.0978  0.7317   True
     9     15   0.0483    1.0 -0.2686  0.3653  False
     9     16   0.5479    0.0  0.2309  0.8648   True
     9     17   0.2637  0.272 -0.0532  0.5807  False
     9     18  -0.0027    1.0 -0.3196  0.3143  False
     9     19   0.6586    0.0  0.3417  0.9756   True
     9     20   0.7948    0.0  0.4778  1.1117   True
     9     21   0.4304 0.0002  0.1134  0.7473   True
     9     22   0.2075  0.751 -0.1095  0.5244  False
    10     11  -0.5135    0.0 -0.8305 -0.1966   True
    10     12  -0.3312 0.0287 -0.6481 -0.0142   True
    10     13  -0.0768    1.0 -0.3938  0.2401  False
    10     14  -0.2107 0.7246 -0.5277  0.1062  False
    10     15  -0.5772    0.0 -0.8941 -0.2602   True
    10     16  -0.0776    1.0 -0.3946  0.2393  False
    10     17  -0.3618 0.0076 -0.6788 -0.0449   True
    10     18  -0.6282    0.0 -0.9451 -0.3112   True
    10     19   0.0331    1.0 -0.2838  0.3501  False
    10     20   0.1692 0.9559 -0.1477  0.4862  False
    10     21  -0.1952 0.8397 -0.5121  0.1218  False
    10     22   -0.418 0.0004  -0.735 -0.1011   True
    11     12   0.1824 0.9091 -0.1346  0.4993  False
    11     13   0.4367 0.0002  0.1198  0.7536   True
    11     14   0.3028 0.0834 -0.0142  0.6197  False
    11     15  -0.0637    1.0 -0.3806  0.2533  False
    11     16   0.4359 0.0002   0.119  0.7529   True
    11     17   0.1517 0.9871 -0.1652  0.4687  False
    11     18  -0.1146 0.9998 -0.4316  0.2023  False
    11     19   0.5467    0.0  0.2297  0.8636   True
    11     20   0.6828    0.0  0.3658  0.9997   True
    11     21   0.3184 0.0474  0.0014  0.6353   True
    11     22   0.0955    1.0 -0.2214  0.4125  False
    12     13   0.2543 0.3419 -0.0626  0.5713  False
    12     14   0.1204 0.9995 -0.1965  0.4374  False
    12     15   -0.246 0.4101  -0.563  0.0709  False
    12     16   0.2535 0.3481 -0.0634  0.5705  False
    12     17  -0.0307    1.0 -0.3476  0.2863  False
    12     18   -0.297 0.1015  -0.614  0.0199  False
    12     19   0.3643 0.0068  0.0473  0.6812   True
    12     20   0.5004    0.0  0.1834  0.8173   True
    12     21    0.136 0.9969  -0.181  0.4529  False
    12     22  -0.0869    1.0 -0.4038  0.2301  False
    13     14  -0.1339 0.9975 -0.4509   0.183  False
    13     15  -0.5004    0.0 -0.8173 -0.1834   True
    13     16  -0.0008    1.0 -0.3177  0.3162  False
    13     17   -0.285 0.1495 -0.6019   0.032  False
    13     18  -0.5513    0.0 -0.8683 -0.2344   True
    13     19     0.11 0.9999  -0.207  0.4269  False
    13     20   0.2461 0.4098 -0.0709   0.563  False
    13     21  -0.1183 0.9996 -0.4353  0.1986  False
    13     22  -0.3412  0.019 -0.6581 -0.0242   True
    14     15  -0.3664 0.0062 -0.6834 -0.0495   True
    14     16   0.1331 0.9977 -0.1838  0.4501  False
    14     17  -0.1511 0.9878  -0.468  0.1659  False
    14     18  -0.4174 0.0005 -0.7344 -0.1005   True
    14     19   0.2439 0.4289 -0.0731  0.5608  False
    14     20     0.38 0.0032   0.063  0.6969   True
    14     21   0.0156    1.0 -0.3014  0.3325  False
    14     22  -0.2073 0.7527 -0.5242  0.1097  False
    15     16   0.4996    0.0  0.1826  0.8165   True
    15     17   0.2154 0.6854 -0.1016  0.5323  False
    15     18   -0.051    1.0 -0.3679   0.266  False
    15     19   0.6103    0.0  0.2934  0.9273   True
    15     20   0.7464    0.0  0.4295  1.0634   True
    15     21    0.382 0.0029  0.0651   0.699   True
    15     22   0.1592 0.9774 -0.1578  0.4761  False
    16     17  -0.2842 0.1532 -0.6011  0.0328  False
    16     18  -0.5506    0.0 -0.8675 -0.2336   True
    16     19   0.1107 0.9999 -0.2062  0.4277  False
    16     20   0.2469 0.4031 -0.0701  0.5638  False
    16     21  -0.1175 0.9996 -0.4345  0.1994  False
    16     22  -0.3404 0.0196 -0.6573 -0.0235   True
    17     18  -0.2664 0.2539 -0.5833  0.0506  False
    17     19   0.3949 0.0015   0.078  0.7119   True
    17     20    0.531    0.0  0.2141   0.848   True
    17     21   0.1666 0.9625 -0.1503  0.4836  False
    17     22  -0.0562    1.0 -0.3732  0.2607  False
    18     19   0.6613    0.0  0.3444  0.9782   True
    18     20   0.7974    0.0  0.4805  1.1144   True
    18     21    0.433 0.0002  0.1161    0.75   True
    18     22   0.2102 0.7295 -0.1068  0.5271  False
    19     20   0.1361 0.9968 -0.1808  0.4531  False
    19     21  -0.2283 0.5696 -0.5452  0.0887  False
    19     22  -0.4511 0.0001 -0.7681 -0.1342   True
    20     21  -0.3644 0.0068 -0.6813 -0.0475   True
    20     22  -0.5873    0.0 -0.9042 -0.2703   True
    21     22  -0.2229  0.619 -0.5398  0.0941  False
----------------------------------------------------